1148 4761 2344 4606
304 4534 3209 2288
318 2249 3211 440
1634 394 1811 302
1148 4761 2344 4606
304 4534 3209 2288
318 2249 3211 440
1634 394 1811 302
1148 4761 2344 4606
304 4534 3209 2288
318 2249 3211 440
1634 394 1811 302
1148 4761 2344 4606
304 4534 3209 2288
318 2249 3211 440
1634 394 1811 302
1171 4775 2359 4591
327 4545 3215 3005
305 2996 3191 1585
595 1587 2421 300
666 -1801 790 -1986
637 -1811 761 -1997
1171 4775 2359 4591
327 4545 3215 3005
305 2996 3191 1585
595 1587 2421 300
666 -1801 790 -1986
637 -1811 761 -1997
1171 4775 2359 4591
327 4545 3215 3005
305 2996 3191 1585
595 1587 2421 300
666 -1801 790 -1986
637 -1811 761 -1997
1182 4762 2311 4602
312 4523 3201 4091
319 4033 3207 3597
319 3581 3208 3453
324 3433 3205 2230
329 2192 3203 1760
310 1699 3194 439
1668 394 1780 302
0 5075 3479 5063
-9 5064 16 0
1183 4765 2313 4603
313 4528 3202 4092
321 4038 3213 2232
334 2197 3209 1761
316 1703 3202 439
1676 397 1788 305
46 11 3525 -6
3514 5071 3531 7
1055 3133 2697 2010
2036 1957 2552 1842
1055 3133 2697 2010
2036 1957 2552 1842
1055 3133 2697 2010
2036 1957 2552 1842
1160 4768 2331 4622
308 4571 3185 4059
1042 4065 1133 4036
311 4017 3195 3095
327 3055 3210 1983
676 1903 2683 977
1136 4767 2278 4599
300 4555 3126 3761
312 3788 3124 3461
2152 3507 2414 3469
627 3408 1997 2763
638 2676 2059 1617
362 1611 3166 799
381 807 3170 430
1659 412 1831 302
1136 4767 2278 4599
300 4555 3126 3761
312 3788 3124 3461
2152 3507 2414 3469
627 3408 1997 2763
638 2676 2059 1617
362 1611 3166 799
381 807 3170 430
1659 412 1831 302
1671 4071 1914 3985
665 3876 2216 3204
656 3154 2098 2533
2546 -634 2805 -879
2539 -653 2800 -899
319 2433 3210 914
642 923 2354 759
308 731 3175 444
1609 399 1779 302
1214 4776 2373 4590
303 4543 3219 426
1645 398 1812 302
3981 -1131 4222 -1684
3955 -1192 4204 -1748
2943 -2439 3141 -2603
2903 -2484 3103 -2651
1637 4147 1790 4062
540 3921 2302 3280
1789 3213 3031 3052
310 2986 3196 2149
1279 2203 3196 2117
312 2082 3197 1784
2156 -833 2222 -1157
2157 -830 2224 -1154
541 1743 2215 767
595 718 3203 589
316 587 3206 437
1689 389 1872 301
1651 4250 1798 4168
311 4088 3205 2246
549 2306 3201 2101
309 2163 3215 1073
324 1078 3189 907
319 933 3193 648
322 724 3187 454
1699 393 1809 299
1148 4770 2289 4607
304 4573 3131 3736
319 3812 3133 3495
595 3504 2753 3378
327 3357 3174 1682
359 1682 3208 450
1762 406 1931 299
1124 4771 2333 4598
304 4535 3204 2127
332 2112 3211 448
1679 404 1852 299
1148 4769 2362 4609
592 4528 1759 4228
4257 -1764 4344 -2053
4271 -1730 4360 -2020
1837 4183 3178 4047
306 4022 3188 3572
309 3549 3214 1760
323 1714 3204 1119
328 1058 3211 464
1730 398 1849 298
